0.000000000000000000e+00 1.156685999999999837e+01 3.194853000000000520e+01 5.676290999999999798e+01 7.905395000000000039e+01
5.000000000000000000e+00 1.158993999999999858e+01 3.179825999999999908e+01 5.705001000000000033e+01 7.928569000000000244e+01
1.000000000000000000e+01 1.159182000000000023e+01 3.180534000000000106e+01 5.660063000000000244e+01 7.874470999999998355e+01
1.500000000000000000e+01 1.157226000000000177e+01 3.182227999999999568e+01 5.678695000000000448e+01 7.894653000000000986e+01
2.000000000000000000e+01 1.159016999999999875e+01 3.181923999999999708e+01 5.696803999999999490e+01 2.720257000000000369e-01
2.500000000000000000e+01 1.158333000000000013e+01 3.177707999999999444e+01 5.681518999999999409e+01 0.000000000000000000e+00
3.000000000000000000e+01 1.157956000000000074e+01 3.185150000000000503e+01 3.083946000000000254e+01 0.000000000000000000e+00
3.500000000000000000e+01 1.157627000000000272e+01 3.182793000000000205e+01 0.000000000000000000e+00 0.000000000000000000e+00
4.000000000000000000e+01 1.157675000000000054e+01 3.180649000000000370e+01 0.000000000000000000e+00 0.000000000000000000e+00
4.500000000000000000e+01 1.156001999999999974e+01 3.170240000000000080e+01 0.000000000000000000e+00 0.000000000000000000e+00
5.000000000000000000e+01 1.157297000000000153e+01 1.784698999999999813e+01 0.000000000000000000e+00 0.000000000000000000e+00
5.500000000000000000e+01 0.000000000000000000e+00 0.000000000000000000e+00 0.000000000000000000e+00 0.000000000000000000e+00
